298
1 8 1725
1 26 1061
1 27 2939
1 29 1837
1 44 917
1 49 2309
1 120 2637
1 223 895
1 234 2684
1 243 1241
1 279 907
1 298 263
2 2 901
2 9 1267
2 57 1849
2 96 180
2 151 2469
2 158 3348
2 163 2986
2 196 1657
2 206 2740
3 58 1340
3 107 2757
3 190 3175
3 191 754
3 232 1575
3 257 3863
3 297 106
4 49 595
4 87 14
4 103 1396
4 162 2671
4 166 1074
4 223 335
5 1 859
5 27 2343
5 33 2995
5 57 3495
5 80 3237
5 109 1678
5 125 1088
5 143 143
5 152 2293
5 166 1988
5 193 1761
5 196 493
5 202 2519
5 293 229
6 14 3840
6 92 1504
6 113 1886
6 165 2931
6 181 3196
6 206 994
6 246 2106
7 17 301
7 33 2568
7 69 2320
7 278 407
8 8 3514
8 101 2333
8 121 2154
8 129 2184
8 169 3758
8 209 2840
8 244 3043
8 245 2100
8 267 1835
8 289 2537
9 1 1688
9 7 3864
9 27 3624
9 125 2182
9 137 2156
9 158 1963
9 180 3943
9 194 2648
9 288 482
10 17 523
10 52 2840
10 87 2337
10 108 2408
10 192 1770
10 197 1532
10 282 3401
11 4 3875
11 84 2185
11 90 2320
11 98 2546
11 131 2591
11 148 1833
11 204 878
11 225 1096
11 259 17
12 11 988
12 72 3936
12 81 3411
12 134 3087
12 161 1770
12 263 1947
13 10 1127
13 33 1985
13 39 1923
13 56 3308
13 97 141
13 101 3885
13 142 3602
13 155 3140
13 256 718
13 292 125
14 10 2331
14 39 3407
14 142 2884
14 168 101
14 187 938
14 235 2637
14 243 327
14 254 3474
14 258 956
14 260 2873
15 11 2416
15 32 2789
15 61 102
15 145 3512
15 165 3157
15 169 1441
15 200 3447
15 202 2567
15 217 528
15 270 1568
15 290 865
16 14 2006
16 19 3552
16 92 3139
16 106 1313
16 156 44
16 158 3376
16 224 1267
17 10 3184
17 17 93
17 54 1391
17 67 1866
17 78 3499
17 192 626
17 256 1966
17 294 789
18 22 3262
18 40 2645
18 135 262
18 143 218
18 186 1517
18 196 2678
18 288 3358
19 20 1970
19 23 2541
19 89 2866
19 239 3411
19 284 1987
20 14 1432
20 39 290
20 107 3554
20 224 2648
20 235 2295
21 9 3105
21 28 1787
21 90 3959
21 93 3149
21 216 1162
21 281 1225
21 285 2684
21 290 1254
21 291 2967
21 298 549
22 1 1105
22 34 3593
22 41 2867
22 61 2245
22 99 3206
22 138 1511
23 28 2506
23 33 3423
23 94 3379
23 114 1535
23 115 3132
23 161 1700
23 185 75
23 204 1997
23 220 1110
23 239 2413
23 270 3780
24 19 1751
24 20 1966
24 40 2428
24 48 45
24 60 1423
24 130 566
24 161 356
24 166 923
24 293 1727
25 49 1932
25 109 3958
25 148 3332
25 156 1251
25 159 858
25 229 788
25 261 1195
26 13 76
26 26 3032
26 57 400
26 62 1938
26 66 1538
26 187 175
26 226 1316
26 270 3424
26 277 3306
27 1 3016
27 46 3499
27 133 1303
27 137 477
27 283 2263
28 14 1434
28 33 2228
28 62 229
28 69 213
28 71 2624
28 78 2003
28 96 778
28 129 2979
28 145 3277
28 160 2856
28 166 1263
28 211 3234
28 238 2188
28 254 2513
29 17 443
29 26 2975
29 113 3707
29 116 519
29 128 2007
29 129 106
29 154 2456
29 255 3896
30 4 280
30 13 124
30 36 3319
30 37 3938
30 63 3491
30 89 3169
30 137 1592
30 168 3967
30 209 1784
30 219 3025
30 242 2546
30 271 2364
30 283 3238
31 24 1170
31 51 366
31 66 367
31 123 500
32 33 3994
32 34 3223
32 60 1762
32 71 3579
32 159 1762
32 205 626
32 215 21
32 233 736
32 243 332
32 287 891
33 27 3094
33 39 790
33 98 3699
33 148 3341
34 26 1421
34 52 3822
34 94 2660
34 142 1710
34 168 3312
34 200 2180
34 201 3301
34 203 3630
34 289 3963
35 8 2678
35 9 2176
35 59 2678
35 65 2267
35 70 3697
35 161 3043
35 165 2633
35 172 196
35 186 3036
35 245 1855
36 8 2310
36 10 2614
36 22 3616
36 78 2935
36 84 2987
36 87 704
36 94 3619
36 107 229
36 118 149
36 119 408
36 136 3927
36 216 3490
36 221 2180
36 253 100
37 20 2501
37 33 3890
37 41 3763
37 53 1032
37 117 3542
37 139 3393
37 157 1347
37 168 2219
37 273 1920
38 40 24
38 60 485
38 69 1616
38 98 3067
38 210 3118
38 271 2163
39 9 2454
39 52 1324
39 54 472
39 61 1420
39 87 1292
39 162 3407
39 230 758
39 248 2347
39 265 3025
40 35 986
40 38 2495
40 114 3784
40 133 913
40 162 1984
40 219 2315
40 242 1364
40 257 836
40 276 2556
41 1 1127
41 47 1868
41 98 2098
41 110 871
41 141 3214
41 171 316
41 190 2790
41 222 3237
41 228 801
41 248 757
41 271 2655
42 11 270
42 69 2919
42 111 1461
42 119 1945
42 156 3743
42 162 2880
42 171 3236
42 225 3501
42 233 3989
43 26 1582
43 45 2877
43 54 974
43 63 429
43 68 3012
43 89 2238
43 192 2412
43 236 1326
43 241 3602
43 277 3600
44 11 3882
44 21 728
44 50 1467
44 103 2331
44 105 1598
44 129 680
44 179 2998
44 180 739
44 193 268
44 205 3798
44 209 1847
44 229 2923
44 244 419
44 279 1117
45 22 383
45 34 2364
45 99 859
45 146 3614
45 174 1951
45 196 711
45 203 3602
45 213 3885
45 234 3587
45 280 927
45 295 313
46 12 2598
46 78 3165
46 83 3076
46 90 276
46 130 2766
46 178 2675
46 191 509
46 201 3845
46 215 141
46 221 2839
46 228 1794
46 237 1172
47 27 1836
47 32 2884
47 124 1440
47 162 1986
47 198 730
47 238 714
47 253 2756
48 175 1846
48 184 1448
48 215 1471
48 223 3057
48 253 1061
49 29 3422
49 56 119
49 57 1014
49 84 3658
49 92 3706
49 127 1940
49 138 3970
49 193 2655
49 274 1104
49 286 3397
50 47 2930
50 120 221
50 152 2072
50 171 3790
50 185 65
50 219 2564
50 241 2980
50 288 2210
51 5 88
51 48 1168
51 54 1093
51 70 1527
51 77 3505
51 99 1822
51 129 2240
51 155 2260
51 157 20
51 255 39
51 268 3731
51 297 3428
52 5 1099
52 21 3504
52 35 3546
52 42 2464
52 54 3161
52 62 3603
52 98 403
52 135 3482
52 189 2258
52 193 1859
52 241 2878
53 34 1539
53 70 2431
53 116 1301
53 168 1681
53 180 2848
53 204 3865
53 215 660
54 47 1057
54 56 3952
54 61 1827
54 83 2150
54 114 1830
54 164 1331
54 214 323
54 247 421
54 288 3943
54 294 694
55 17 459
55 28 25
55 57 473
55 75 1909
55 187 3528
55 218 371
55 229 372
55 236 3040
55 284 3973
55 289 1126
56 5 2521
56 12 2582
56 25 3336
56 30 1750
56 145 121
56 170 1767
56 199 3051
56 200 1801
56 232 614
56 273 3267
57 6 2812
57 38 2022
57 64 3570
57 123 639
57 220 523
57 223 1399
57 226 2321
57 258 1198
57 271 2171
58 30 2263
58 45 1891
58 51 2629
58 181 2287
58 257 2716
58 258 889
58 277 2166
59 8 3086
59 13 1260
59 37 1557
59 61 3058
59 83 2737
59 98 429
59 111 1992
59 147 2073
59 168 2179
59 178 2112
59 255 191
60 2 1581
60 7 264
60 28 1156
60 53 847
60 72 3427
60 239 3177
60 285 768
61 7 417
61 45 3700
61 85 2518
61 226 2738
61 242 897
61 258 688
61 271 1352
61 275 3139
62 23 3668
62 127 3991
62 200 1854
62 203 556
62 240 2508
62 251 1291
63 36 2167
63 51 65
63 71 701
63 99 903
63 246 493
63 270 2692
64 24 3327
64 48 3023
64 147 1155
64 171 3517
64 269 603
64 296 1770
65 9 672
65 13 1801
65 70 1196
65 88 201
65 273 2568
66 15 1613
66 32 252
66 37 1085
66 77 702
66 86 1500
66 166 2124
66 199 2053
66 246 638
66 263 1791
66 291 2043
67 5 2844
67 11 2346
67 35 551
67 38 486
67 47 512
67 106 967
67 130 1186
67 143 1767
67 146 1459
67 152 3877
67 176 1093
67 204 834
67 208 1031
67 291 962
68 3 1436
68 16 2800
68 32 1985
68 36 3589
68 50 348
68 108 2185
68 166 2508
68 179 1960
68 203 2436
68 245 3593
68 287 2661
69 112 3935
69 166 1716
69 231 713
69 248 925
69 282 3859
70 6 3108
70 13 120
70 46 2204
70 55 10
70 77 605
70 144 3068
70 191 976
70 202 2143
70 221 1186
70 226 2786
70 235 2019
70 237 2278
70 268 3619
71 3 3402
71 13 3239
71 32 1407
71 33 2553
71 57 1224
71 157 995
71 215 2900
71 227 3760
71 256 3502
71 272 859
71 287 2548
72 50 3446
72 69 3871
72 79 2834
72 89 1514
72 110 936
72 162 3758
72 168 1372
72 223 43
72 265 229
72 294 3927
73 160 52
73 192 1186
73 215 3346
73 280 1379
74 22 3328
74 71 531
74 74 164
74 130 1698
74 186 2809
74 211 135
74 243 1451
74 252 2399
74 261 1541
75 38 4
75 40 3974
75 154 2887
75 174 2903
75 278 3734
75 285 2740
75 292 3762
76 8 2633
76 17 2186
76 165 3632
76 169 1466
76 194 51
76 196 567
77 61 1576
77 146 1422
77 155 961
77 159 2156
77 221 1348
77 222 1364
78 75 3341
78 90 694
78 106 2742
78 109 3020
78 121 1224
78 172 3258
78 201 1070
78 253 384
78 281 3392
78 283 2520
79 4 3135
79 25 1284
79 27 2523
79 50 3108
79 110 170
79 113 1426
79 143 3193
80 46 2909
80 92 1539
80 114 1825
80 194 1446
80 271 1522
80 285 3643
80 295 1496
81 8 2089
81 19 1218
81 41 2917
81 43 3401
81 74 3373
81 243 617
81 278 765
81 296 3066
82 117 1662
82 134 3858
82 142 2085
82 173 3237
82 238 3467
82 243 3506
82 265 3973
82 294 3210
82 297 2026
83 98 3107
83 114 493
83 115 548
83 139 2566
83 171 662
83 173 2325
83 194 2111
83 222 3923
83 244 3863
83 251 287
83 290 1368
84 33 1385
84 34 3929
84 45 2864
84 136 3825
84 165 1498
84 266 2132
85 19 3577
85 61 871
85 156 3100
85 192 693
85 205 3936
85 257 761
86 15 551
86 73 2372
86 87 350
86 92 369
86 125 1878
86 171 322
86 194 3579
87 3 255
87 12 3780
87 23 71
87 44 1154
87 53 2345
87 67 1085
87 95 3479
87 111 807
87 232 1359
87 240 3693
87 249 1094
87 258 2726
87 263 1429
87 283 1022
88 18 1941
88 112 1253
88 119 2520
88 132 425
88 156 1182
88 165 3742
88 177 3524
88 254 1874
88 290 29
89 4 637
89 11 2776
89 39 2400
89 49 986
89 65 3145
89 78 629
89 98 1659
89 169 2723
89 211 883
89 250 1438
89 285 3145
89 294 2037
90 26 3782
90 61 581
90 134 1867
90 144 589
90 162 1939
90 242 1559
90 287 2034
90 293 1017
91 22 2988
91 23 3407
91 40 3309
91 42 592
91 157 2278
91 172 3733
91 205 1773
91 223 2019
91 234 3257
91 239 3647
91 271 2047
92 19 3893
92 163 2422
92 248 799
92 255 1230
92 258 1566
92 259 1427
92 286 2888
92 289 640
92 292 2662
93 9 325
93 56 137
93 89 698
93 215 458
93 222 717
93 226 2564
93 235 1398
93 258 3008
93 265 122
94 12 3431
94 17 24
94 50 3461
94 76 2838
94 107 3684
94 122 53
94 137 1115
94 157 3417
94 174 1825
95 23 3486
95 173 3025
95 218 1471
95 241 1532
95 248 3269
95 282 245
96 7 2682
96 26 498
96 52 1810
96 87 109
96 99 3385
96 135 2802
96 139 2770
96 146 61
96 149 3290
96 238 3819
96 263 518
96 276 358
97 77 2734
97 88 1916
97 91 3365
97 99 3207
97 118 1698
97 187 3740
97 189 2668
98 24 887
98 26 3424
98 35 2720
98 40 2354
98 56 2840
98 72 896
98 73 1839
98 77 2216
98 100 2367
98 243 3722
98 256 1484
99 65 2611
99 91 2404
99 111 1981
99 135 772
99 147 2864
99 153 1717
99 193 3925
99 223 1985
100 36 1777
100 42 3214
100 47 1803
100 69 2294
100 123 3572
100 139 536
100 169 561
100 190 3288
100 225 3742
100 249 2611
100 258 3028
100 259 2409
100 290 3497
101 44 2803
101 94 1480
101 111 1850
101 155 1994
101 181 2376
101 285 3688
102 56 209
102 83 1094
102 87 3762
102 138 1692
102 198 56
102 243 2165
102 280 3672
102 281 1179
102 295 1028
103 33 1388
103 79 1104
103 85 3012
103 149 3164
103 161 669
103 170 1166
103 182 1809
103 184 592
103 211 2053
103 233 2722
103 246 3880
103 252 1794
103 270 1332
104 39 3259
104 66 555
104 117 828
104 151 2413
104 182 2386
104 204 3030
104 223 406
104 246 761
104 248 3069
104 290 614
105 25 2206
105 38 2830
105 93 2305
105 148 2261
105 236 1346
105 279 2328
105 282 3440
105 296 2725
106 66 67
106 81 895
106 96 2088
106 128 3582
106 166 1915
106 198 3253
106 298 1390
107 93 2507
107 194 1305
107 219 463
107 243 2738
107 255 3451
107 277 1794
108 1 2348
108 35 357
108 155 2974
108 175 760
108 179 2742
108 199 2003
108 202 1165
108 272 3855
108 294 1423
109 2 1778
109 42 2060
109 55 605
109 93 434
109 99 321
109 159 1950
109 174 3113
109 194 112
109 200 1027
109 245 3179
109 277 1358
109 280 3114
110 31 2760
110 34 3272
110 45 2719
110 79 149
110 111 1778
110 164 375
110 176 612
110 222 867
110 268 177
110 282 2757
111 28 3214
111 74 533
111 132 1730
111 233 3973
111 258 3275
111 270 84
112 20 1137
112 26 3129
112 49 1859
112 198 3266
112 199 1540
112 243 2463
112 244 51
112 247 2212
113 6 412
113 13 3163
113 41 2323
113 88 1438
113 134 2341
113 141 3680
113 179 904
113 180 1100
113 239 2952
114 4 3622
114 30 1601
114 81 1081
114 97 348
114 105 2564
114 135 1948
114 176 525
114 230 1320
114 242 1513
114 253 1057
115 6 3402
115 26 1486
115 44 683
115 82 3837
115 133 2974
115 135 163
115 176 1695
115 181 2592
115 184 1703
115 240 157
115 254 2994
115 266 3914
115 269 921
116 7 2157
116 10 2589
116 26 2710
116 69 849
116 80 2268
116 135 3613
116 185 2301
116 240 1571
116 281 3586
117 8 3901
117 64 3004
117 75 3934
117 85 2464
117 97 1303
117 102 810
117 110 135
117 159 2815
117 201 1866
117 211 3888
117 248 652
117 268 2549
117 269 3725
118 32 3978
118 34 2711
118 89 1771
118 131 2921
118 142 765
118 158 1928
118 172 1914
118 182 679
118 246 3200
119 27 70
119 43 3267
119 206 1909
119 228 1271
119 290 1886
120 26 1874
120 28 3571
120 87 3809
120 200 1811
120 225 3471
120 233 2812
120 268 2096
121 1 2286
121 56 466
121 74 2905
121 86 2772
121 112 3632
121 131 1123
121 161 2660
121 184 284
121 191 23
121 192 2736
121 224 261
121 242 2733
122 38 506
122 46 3181
122 71 3850
122 146 2785
122 230 1094
122 249 528
122 264 1984
123 23 1516
123 48 146
123 76 245
123 93 2786
123 111 2383
123 154 2470
123 161 2708
123 252 2191
123 281 280
123 297 2178
124 34 1354
124 85 2376
124 102 815
124 213 2171
124 224 1280
124 267 3938
124 282 1803
124 290 2754
124 296 2949
125 108 2086
125 142 2776
125 183 1684
125 208 2698
125 215 1861
125 230 2542
125 261 2230
126 5 1710
126 55 1326
126 76 3675
126 87 2589
126 92 3662
126 163 1190
126 197 2734
126 207 3906
126 214 327
126 227 1116
126 245 2375
126 247 3386
126 256 3659
126 286 3006
127 39 1915
127 148 1364
127 151 1381
127 157 2729
127 162 3535
127 171 3013
127 204 3019
127 222 1337
128 17 1766
128 66 1967
128 226 3422
128 287 542
129 25 3651
129 66 2471
129 103 2402
129 163 2192
129 179 700
129 207 111
129 220 3869
129 243 374
130 125 2699
130 184 3530
130 203 1916
130 216 1784
130 244 3787
130 248 2594
130 255 3251
131 14 2513
131 32 1980
131 74 2909
131 79 1519
131 95 3894
131 105 273
131 123 2899
131 239 2975
131 280 159
132 29 2263
132 44 1993
132 54 1495
132 80 29
132 105 3959
132 163 1268
132 183 922
132 191 3961
132 256 3738
132 257 3323
132 272 2504
132 284 437
132 292 3785
133 189 2373
134 30 1162
134 78 2835
134 146 2254
134 149 3077
134 157 970
134 173 2393
134 174 1671
134 230 220
134 242 905
135 17 2
135 27 3481
135 47 2775
135 54 3895
135 64 105
135 81 2026
135 138 3221
135 165 263
135 240 288
135 254 1213
135 286 1757
136 67 668
136 69 1172
136 123 3024
136 143 1589
136 155 1484
136 161 3113
136 169 1263
136 220 3988
136 237 3549
136 275 1047
136 284 2712
137 155 1062
137 211 233
137 298 1317
138 85 139
138 91 1202
138 105 3709
138 107 2161
138 131 1422
138 144 966
138 196 2162
138 233 1254
139 40 3740
139 97 2408
139 153 1358
139 182 2117
139 185 1629
139 203 1620
139 222 2405
139 235 3193
139 240 3728
139 245 3424
140 34 716
140 57 3103
140 123 1013
140 143 2200
140 146 2215
140 148 2275
140 164 2187
140 172 2115
140 218 3674
140 259 1250
140 293 3176
141 21 258
141 134 2566
141 142 3666
141 184 1460
141 187 2275
141 189 1826
142 69 3233
142 104 3592
142 148 339
142 162 486
142 244 3683
143 19 3099
143 31 2195
143 71 1800
143 199 727
143 205 3814
143 222 556
143 248 271
143 286 3893
143 297 3979
143 298 987
144 14 2995
144 37 1343
144 42 3186
144 60 1561
144 91 3970
144 97 1724
144 192 3675
144 257 3643
145 78 2973
145 99 3202
145 127 252
145 128 1890
145 151 2868
145 209 1711
145 288 516
146 9 1045
146 30 1295
146 247 107
147 55 1384
147 110 2132
147 171 142
147 174 834
147 204 326
147 256 1941
147 265 1912
147 298 491
148 33 2848
148 48 2182
148 89 383
148 98 2826
148 212 3168
149 12 3729
149 29 521
149 99 2705
149 101 1289
149 164 490
149 269 428
149 293 1315
150 19 484
150 119 3752
150 121 517
150 180 735
150 221 1642
151 1 3736
151 17 2446
151 62 2509
151 67 780
151 86 92
151 293 2616
152 25 2515
152 26 2224
152 69 2757
152 108 3348
152 133 2549
152 147 1049
152 153 1611
152 174 3392
153 7 3896
153 96 3793
153 153 3774
153 188 3073
153 221 3312
153 224 3855
154 12 3593
154 39 2017
154 119 1143
154 153 434
154 250 2796
154 278 2810
155 11 917
155 23 2900
155 67 3326
155 88 1652
155 100 541
155 108 3413
155 151 449
155 192 3049
155 263 192
155 283 892
156 79 2016
156 129 3059
156 220 3115
156 235 1124
156 281 2758
157 39 2016
157 48 2172
157 78 369
157 124 1407
157 172 2419
157 206 161
157 207 1532
157 219 1844
157 268 3824
157 270 1386
158 111 1436
158 223 1840
158 268 2881
159 5 2222
159 59 988
159 82 1690
159 126 3138
159 135 3887
159 180 1367
159 275 1141
159 282 427
159 291 779
159 293 1589
160 21 3827
160 31 1322
160 49 2833
160 174 2195
160 181 380
160 248 1947
160 297 3318
161 33 3490
161 74 314
161 81 1842
161 85 3858
161 86 1720
161 111 612
161 256 370
161 280 3604
162 60 2455
162 80 193
162 87 1341
162 118 243
162 128 2385
162 185 573
162 267 2464
162 269 3372
163 59 2262
163 74 1601
163 77 3258
163 125 3980
163 174 3094
163 177 36
163 208 758
163 216 1034
164 69 214
164 104 2432
164 107 3866
164 170 2408
164 171 2811
164 199 1813
164 285 2078
165 24 2652
165 77 2126
165 90 271
165 176 2509
165 223 198
165 230 882
165 248 3230
165 257 153
165 274 3689
165 279 3775
165 298 1493
166 1 3931
166 42 2159
166 60 2066
166 66 2394
166 67 1530
166 97 679
166 228 346
166 240 1139
166 268 659
166 276 3439
166 293 1174
167 91 1768
167 149 473
167 180 1387
167 233 199
167 257 690
167 293 147
168 71 3362
168 73 2502
168 75 2576
168 141 2013
168 176 980
168 220 2846
168 280 874
169 61 1177
169 73 79
169 138 103
169 142 1329
169 163 3767
169 257 3877
169 282 3173
170 21 49
170 73 2387
170 111 1590
170 113 2794
170 182 3916
170 186 2269
170 205 3140
170 214 1406
170 251 3279
170 257 2930
170 260 2931
170 274 1046
170 279 3754
171 43 670
171 81 1597
171 102 444
171 166 816
171 209 958
171 212 3297
171 227 3743
171 257 3322
171 280 276
171 286 2588
172 4 195
172 13 1804
172 28 3018
172 30 650
172 34 3484
172 54 2785
172 59 526
172 71 3009
172 82 3185
172 86 2913
172 94 598
172 117 1979
172 190 3180
172 233 2866
172 240 1470
172 295 938
173 45 2144
173 64 399
173 71 3868
173 160 3542
173 171 505
173 185 537
173 235 1138
173 297 1300
173 298 1704
174 22 2447
174 42 596
174 43 1446
174 56 2120
174 89 1224
174 137 385
174 160 2315
174 252 3379
174 292 3403
174 296 2964
175 15 3215
175 22 2539
175 24 3841
175 34 2223
175 43 1723
175 51 2753
175 77 2820
175 81 3701
175 95 2285
175 120 1686
175 125 1170
175 190 3222
176 6 181
176 45 1921
176 57 3089
176 101 3722
176 147 2425
176 151 3978
176 221 1211
176 224 76
176 225 1681
177 17 9
177 29 1023
177 78 3127
177 201 2129
177 209 2246
177 216 3863
177 253 795
177 293 1977
178 35 3265
178 44 110
178 70 1191
178 140 1803
178 170 3950
178 199 3413
178 200 3526
178 215 3055
178 224 2232
178 287 3578
179 9 1339
179 38 269
179 52 748
179 156 912
179 202 450
179 232 2668
179 238 352
180 40 523
180 81 1444
180 119 329
180 156 1734
180 215 1519
180 268 2362
181 19 2094
181 20 2893
181 26 1488
181 89 222
181 108 1491
181 146 1702
181 161 1368
181 168 3467
181 185 967
181 187 1477
182 12 657
182 48 3121
182 52 1427
182 80 421
182 93 2646
182 153 481
182 169 2652
182 205 2224
182 265 2171
182 268 2921
182 275 3323
182 281 3434
183 16 3722
183 25 2342
183 28 3785
183 66 244
183 68 3785
183 91 114
183 116 2329
183 134 1655
183 137 2475
183 183 423
183 194 547
183 217 314
183 226 996
184 14 2037
184 39 2367
184 66 2364
184 74 1503
184 109 3333
184 193 3840
184 217 2511
184 245 2454
184 272 1618
184 290 3283
184 294 1451
185 19 2450
185 85 1935
185 108 26
185 195 620
185 202 1207
185 268 3348
186 30 405
186 64 928
186 80 1689
186 217 190
186 224 1523
187 35 1825
187 63 655
187 126 3852
187 231 3479
187 244 3481
187 246 274
187 261 378
188 2 146
188 8 1621
188 16 2414
188 52 2512
188 74 3984
188 119 269
188 180 1845
188 182 176
188 184 3131
188 253 650
188 262 1793
188 283 2414
189 45 2452
189 74 243
189 77 700
189 79 2478
189 187 1214
189 204 2258
189 238 2177
189 242 1619
189 247 3537
190 22 218
190 30 1808
190 49 1059
190 68 2042
190 79 2814
190 96 1262
190 107 1873
190 126 2294
190 150 1535
190 205 2602
190 238 2439
190 240 3508
190 291 1367
191 8 1302
191 40 3491
191 58 1635
191 115 3146
191 117 3666
191 130 1118
191 149 147
191 163 1459
191 191 3883
191 235 2599
191 245 2053
192 6 934
192 21 1428
192 75 3266
192 77 3191
192 107 3604
192 132 884
192 175 3079
192 185 173
192 193 2691
193 182 137
193 245 2215
193 250 1856
193 272 1399
193 280 439
193 289 149
194 7 3285
194 8 3040
194 43 2939
194 54 2792
194 164 406
195 29 241
195 30 2635
195 31 2393
195 46 3738
195 69 2652
195 102 3862
195 168 3885
195 278 110
195 294 3744
196 117 2835
196 155 2162
196 165 1029
196 182 262
196 213 1780
196 251 571
196 269 3865
196 277 2663
197 74 3649
197 96 390
197 164 1706
197 207 3785
197 215 2604
197 237 3561
197 263 1535
198 12 3394
198 47 3710
198 49 1172
198 70 2433
198 125 3000
198 139 315
198 140 3190
198 234 3240
198 266 2949
198 280 1582
198 289 2978
199 13 1601
199 84 1795
199 118 3214
199 175 2062
199 190 1890
199 197 2048
199 279 576
199 288 2918
199 293 2309
200 3 2355
200 72 3488
200 94 2525
200 134 1017
200 139 3136
200 196 2914
201 49 3074
201 61 3273
201 76 1869
201 80 2635
201 102 1159
201 134 1262
201 142 2696
201 153 2682
201 186 46
201 247 1695
202 11 2997
202 35 3236
202 120 1287
202 147 1945
202 149 1169
202 156 264
202 217 3897
202 222 3316
202 266 3829
203 148 1959
203 173 1205
203 175 1876
203 283 2886
204 24 123
204 25 184
204 64 1240
204 135 3962
204 152 2708
204 208 2608
204 247 3450
204 285 1974
204 290 1682
205 9 3074
205 21 3842
205 68 668
205 118 584
205 184 1456
205 214 3715
205 246 3266
205 249 1501
206 15 1409
206 103 2262
206 160 1088
206 175 3047
206 255 558
207 31 2609
207 75 3662
207 84 807
207 128 1924
207 132 3490
207 159 2765
207 189 3128
207 211 1365
207 217 2002
207 231 3602
207 244 1548
207 256 3593
207 267 3916
207 278 608
208 104 2200
208 289 3365
209 11 2581
209 24 233
209 57 2790
209 61 2774
209 129 1252
209 167 3373
209 239 229
210 36 966
210 81 2638
210 101 2082
210 106 2727
210 125 1251
210 138 3169
210 210 1773
210 297 1809
211 29 1777
211 30 1787
211 125 2615
211 156 52
211 178 1276
211 190 1731
211 276 3532
212 7 2641
212 88 3732
212 101 3133
212 201 540
212 229 3676
212 237 3048
212 276 1499
212 283 2227
212 296 2764
213 12 431
213 71 2812
213 83 1553
213 86 3205
213 124 63
213 227 1278
213 245 3785
213 267 1381
214 13 3915
214 43 1866
214 59 107
214 66 1166
214 70 1035
214 71 2231
214 194 3326
214 234 3163
214 235 17
214 252 2292
214 254 3215
214 262 1293
214 281 22
214 287 3098
215 4 285
215 10 105
215 13 2230
215 20 824
215 31 3780
215 49 1630
215 84 2675
215 129 2358
215 149 745
215 165 3105
215 202 1169
216 25 2650
216 50 2309
216 77 1232
216 155 3927
216 180 2446
216 264 2612
216 274 193
216 284 311
217 3 3070
217 9 1358
217 15 1345
217 25 1300
217 62 1035
217 144 860
217 209 1669
217 254 3326
218 58 426
218 140 3313
218 164 3699
218 214 3523
218 218 3597
218 287 3803
219 17 2104
219 28 772
219 223 3934
219 225 85
219 253 3446
219 298 2292
220 127 1182
220 130 2551
220 207 3460
220 220 3831
220 224 1211
220 247 1043
221 12 109
221 47 3656
221 79 3654
221 95 301
221 103 3967
221 155 3075
221 181 2011
221 221 1663
221 236 727
221 291 3045
222 14 2874
222 16 2395
222 148 2723
222 201 3299
223 7 1707
223 48 2421
223 56 3173
223 137 1303
223 164 2576
223 171 1629
223 293 2074
224 50 2509
224 97 1713
224 112 1872
224 120 1152
224 164 2894
224 167 422
224 168 964
224 231 3076
225 18 1632
225 30 2006
225 83 3184
225 178 1640
225 188 2012
225 225 3485
225 229 1606
225 240 1438
225 252 1847
225 281 3620
226 9 2164
226 41 891
226 61 2494
226 106 558
226 154 3965
226 174 2144
226 214 2616
227 18 2386
227 94 1317
227 167 3918
227 168 961
227 235 2945
227 236 2344
227 295 3821
228 41 1009
228 61 215
228 79 1325
228 87 255
228 116 988
228 127 2288
228 223 3330
228 235 2971
228 237 645
228 241 2866
228 245 610
228 249 3008
228 276 2702
229 28 2567
229 32 446
229 58 548
229 75 2187
229 199 2961
229 201 1790
229 206 1032
229 244 3871
230 14 1755
230 31 3175
230 57 2486
230 271 140
230 273 843
231 58 2756
231 117 1452
231 154 3787
231 169 1451
231 187 1272
231 275 1148
231 279 1665
232 9 2948
232 56 1402
232 149 3004
232 187 1587
232 206 1083
232 215 1974
232 275 2232
233 5 3948
233 10 2584
233 42 1591
233 44 3001
233 66 1150
233 87 2388
233 151 3900
233 154 3688
233 155 1349
233 229 1690
233 268 719
233 295 1219
234 2 3796
234 47 3894
234 138 56
234 169 287
234 173 736
234 198 2811
234 200 1738
234 281 875
235 4 261
235 47 3361
235 63 2374
235 66 2277
235 95 2309
235 108 127
235 142 1280
235 159 3895
235 226 1209
235 236 3606
235 237 2478
235 251 1509
236 59 2189
236 157 421
236 177 509
236 197 3690
236 231 2808
236 245 409
236 252 3378
237 60 508
237 141 2450
237 181 448
237 183 2078
237 244 2245
237 294 341
238 23 2134
238 28 2531
238 158 1429
238 161 944
238 214 620
238 218 2655
238 232 1557
238 266 3980
238 278 1028
238 297 3833
239 31 2640
239 50 1154
239 60 1465
239 95 2535
239 131 2714
239 169 1070
239 174 1364
239 237 222
240 47 3258
240 76 1784
240 78 1083
240 107 3299
240 117 944
240 121 1843
240 168 3028
240 188 1451
240 220 644
240 231 3476
240 240 3881
241 24 2888
241 32 168
241 101 2014
241 154 1770
241 161 1596
241 164 3309
241 214 2741
241 221 602
241 255 865
241 268 3072
242 6 1981
242 70 698
242 81 1712
242 94 3486
242 182 2162
242 202 598
242 203 2200
242 210 3231
242 226 1961
242 230 2773
242 242 2840
242 245 97
242 289 207
243 44 2490
243 63 1040
243 165 2049
243 190 1518
243 191 2490
243 236 3044
243 243 1345
243 281 2370
244 5 1931
244 54 1512
244 63 735
244 248 52
244 269 3460
244 297 44
244 298 3144
245 3 61
245 21 1260
245 47 2216
245 68 2042
245 109 1957
245 123 3927
245 153 1527
245 179 470
245 186 524
245 211 78
245 227 52
245 239 2836
245 268 2851
245 285 3243
246 36 2932
246 46 3057
246 118 1733
246 190 323
246 199 1458
246 227 3602
246 298 2813
247 21 501
247 34 946
247 56 1534
247 67 2784
247 138 2809
247 160 2621
247 195 3187
247 212 2268
247 234 2664
248 29 2331
248 42 2681
248 49 3923
248 59 546
248 65 1074
248 101 2232
248 106 824
248 118 2952
248 167 3053
248 184 1699
248 195 3030
248 250 3105
248 270 534
248 291 2232
249 18 2347
249 99 3818
249 115 1288
249 117 431
249 159 140
249 282 3097
249 291 384
250 47 3304
250 74 3950
250 108 1681
250 189 1190
250 190 2733
250 252 490
250 274 3810
251 38 2271
251 52 3109
251 110 2825
251 153 601
251 188 1789
251 205 3099
251 248 1498
251 254 2862
251 263 1330
251 291 2321
252 41 1814
252 84 383
252 88 19
252 105 843
252 118 3839
252 140 905
252 154 3426
252 236 2537
252 242 1074
252 270 1065
252 272 3320
252 284 1565
253 77 162
253 129 3703
253 149 1221
253 158 111
253 171 1736
253 216 2410
253 218 3195
253 254 2225
254 46 2571
254 163 1817
254 179 1333
254 210 1395
255 10 2770
255 27 3474
255 64 845
255 184 267
255 186 2335
255 213 2175
255 228 2940
255 267 500
255 276 2909
255 284 2958
255 294 1694
256 8 2747
256 12 214
256 44 1119
256 45 1635
256 89 1639
256 92 2184
256 97 954
256 186 3204
256 195 2345
256 271 1009
256 288 424
257 3 2807
257 84 2744
257 95 3185
257 99 2353
257 106 968
257 182 2107
257 200 169
257 223 2652
257 233 3853
258 32 3290
258 58 2125
258 89 697
258 98 3557
258 100 812
258 133 3223
258 167 2848
258 274 1311
259 30 2131
259 37 2157
259 115 3005
259 117 1229
259 177 2371
259 204 475
259 229 2864
259 230 9
259 247 2658
259 284 169
259 298 3564
260 37 1354
260 38 1177
260 65 3987
260 78 512
260 83 3920
260 189 3523
260 203 2864
260 223 1239
260 226 1629
260 246 3385
260 291 243
261 22 1481
261 30 2674
261 35 2719
261 64 2178
261 96 2582
261 106 3530
261 111 1400
261 121 1429
261 126 1193
261 129 3883
261 137 3586
261 138 549
261 145 1463
261 160 2308
261 188 1023
261 193 678
261 197 2668
261 259 33
261 287 847
262 14 2232
262 125 1386
262 158 2375
262 186 2218
262 192 1898
262 242 2647
262 252 2093
262 254 1113
262 273 237
262 275 3721
262 291 849
263 68 479
263 116 1554
263 201 3875
263 293 3198
264 6 83
264 45 2808
264 46 3079
264 51 1834
264 67 237
264 118 623
264 142 1716
264 163 174
264 193 1171
264 255 3179
264 295 2833
265 29 2546
265 77 208
265 99 1500
265 137 2578
265 155 1054
265 199 3731
265 208 3963
265 250 3781
265 272 2301
265 292 2212
266 15 2427
266 28 393
266 82 3677
266 247 2663
266 259 465
266 287 525
266 291 3494
267 7 2018
267 9 751
267 20 3043
267 35 2100
267 42 3559
267 84 2121
267 105 3934
267 113 147
267 130 2744
267 157 2001
267 208 672
267 212 266
267 231 1531
267 238 3504
267 252 2811
267 282 1739
268 3 1003
268 29 1388
268 56 3144
268 72 734
268 75 1703
268 135 2924
268 250 3386
269 53 266
269 54 1702
269 70 3778
269 84 294
269 170 717
269 210 594
269 230 819
269 244 210
269 254 2612
270 60 1921
270 99 3252
270 110 1063
270 192 1479
270 197 1724
271 141 1348
271 176 1977
271 189 819
271 202 3701
271 238 2648
271 246 1085
272 8 1231
272 83 2151
272 105 247
272 128 3321
272 148 3506
272 202 1987
272 216 2465
272 229 239
272 242 41
272 295 1740
273 7 3976
273 18 658
273 21 3442
273 61 105
273 80 952
273 115 158
273 125 698
273 208 2122
273 273 719
273 297 3661
274 8 42
274 10 3970
274 13 724
274 35 1873
274 59 2045
274 93 2423
274 100 3849
274 143 2864
274 149 2123
274 167 2497
274 186 300
274 259 3354
274 264 999
275 15 546
275 32 3026
275 46 504
275 188 2884
275 225 1490
275 227 1094
275 287 2924
276 19 3582
276 26 1069
276 36 3582
276 127 3375
276 155 1173
276 173 533
276 221 3884
276 262 1871
276 267 2654
276 275 602
276 289 1531
277 7 2695
277 51 923
277 74 2606
277 84 919
277 128 2967
277 135 1029
277 283 768
278 136 2182
278 147 3151
278 186 3264
278 187 2481
278 226 2856
278 241 262
278 268 3379
278 279 1882
278 280 766
278 285 2262
278 296 3723
279 6 2211
279 53 1186
279 57 3304
279 66 3280
279 113 1119
279 123 2678
279 196 452
279 275 1651
279 286 2561
279 294 2674
280 84 656
280 121 3514
280 125 557
280 164 3702
280 182 436
280 220 3514
280 221 621
280 244 3403
280 287 542
281 36 1388
281 43 1584
281 65 3693
281 81 1003
281 113 417
281 167 2900
281 173 1616
281 265 3795
281 273 781
281 296 2733
282 14 2056
282 38 504
282 50 944
282 54 3593
282 111 159
282 214 223
282 248 711
282 249 3189
282 277 1026
283 36 2713
283 43 2101
283 54 52
283 69 3720
283 87 1615
283 106 960
283 138 3422
283 166 2050
283 190 473
283 198 394
283 249 1804
283 255 1015
283 263 2133
283 296 3740
284 9 1059
284 10 3135
284 33 156
284 39 3958
284 59 1102
284 68 3950
284 69 739
284 71 3835
284 90 2357
284 129 1594
284 147 778
284 181 1950
284 233 1752
284 243 1352
284 250 3012
284 277 940
285 2 2729
285 29 2077
285 33 3041
285 70 2780
285 99 2148
285 264 1007
286 12 3739
286 13 1569
286 51 3408
286 122 212
286 124 2314
286 148 1212
286 162 1578
286 184 446
286 214 951
286 243 2636
286 295 3932
287 9 1106
287 19 2945
287 23 1034
287 39 1407
287 72 35
287 80 868
287 94 3763
287 148 1628
287 162 1997
287 180 2064
287 183 3732
288 1 3700
288 2 1428
288 49 1023
288 98 2428
288 106 3856
288 110 415
288 156 1560
288 171 2003
288 176 1421
288 207 1298
288 214 3924
288 233 829
288 265 1861
288 266 2589
288 284 2040
288 286 3438
289 38 3035
289 43 3342
289 55 2425
289 71 2966
289 86 799
289 184 1370
289 221 3999
289 244 2205
289 260 1404
290 38 1218
290 128 2319
290 160 3384
290 181 3566
290 183 735
290 270 3115
291 40 3265
291 105 2514
291 135 137
291 141 1693
291 230 2721
291 236 552
291 279 3252
292 12 723
292 80 2324
292 87 901
292 120 998
292 291 3152
293 66 3114
293 91 3587
293 106 1543
293 151 2903
293 166 2973
293 218 1236
293 283 1680
293 293 1938
294 36 2034
294 88 3049
294 112 2289
294 158 590
294 162 804
294 205 3858
294 215 2909
294 238 187
294 244 3424
294 252 3995
294 287 3653
295 4 2688
295 35 2860
295 73 142
295 79 732
295 116 1580
295 124 693
295 178 335
295 236 2302
295 246 3368
295 286 1588
295 289 3652
296 102 2872
296 147 701
296 190 3238
296 208 414
296 225 3955
296 226 2562
296 228 1650
296 255 1634
296 261 499
297 93 35
297 109 1034
297 111 3139
297 126 625
297 186 1838
297 201 2997
297 253 3885
298 1 2376
298 15 2772
298 19 231
298 30 2381
298 50 1811
298 55 3090
298 77 2522
298 154 2895
298 195 669
298 222 3566
298 270 3229
