1322
2 440 1080
2 466 3732
2 1053 1057
2 1228 1612
3 1129 709
4 267 352
4 279 1541
4 580 252
4 987 155
4 1155 441
5 217 3940
5 648 1468
5 722 3890
6 511 2819
7 1062 402
7 1149 3338
8 983 2199
9 481 2023
9 576 3220
11 679 3401
12 205 626
13 870 501
14 298 2008
14 299 2453
14 318 3864
14 975 1577
14 993 1428
14 1087 3441
14 1131 1361
16 627 2227
17 254 634
17 659 2441
18 349 2310
18 560 2043
18 1083 404
20 62 3370
20 380 2394
20 453 2296
20 864 3974
20 967 2548
21 918 2736
21 1015 3913
22 689 368
22 977 2978
22 984 2731
22 1228 769
23 458 2315
23 527 1281
23 994 3143
23 1156 1886
24 157 1034
24 419 120
26 295 2387
26 1212 3041
27 525 2572
28 25 2602
28 456 969
28 1106 351
28 1127 2395
29 24 2330
29 211 2930
29 327 3380
29 496 1122
29 1244 1591
30 1037 1422
31 309 1525
32 482 961
32 847 3816
32 891 3820
33 102 934
33 638 2715
33 919 2907
34 51 1198
34 479 3434
34 1104 1884
35 1108 280
36 88 202
37 737 550
38 228 1560
38 1057 3697
39 366 2436
39 450 2945
39 601 3816
39 681 1174
40 935 2338
40 1271 2388
41 691 127
42 296 3658
42 1150 3090
43 396 2873
43 610 1987
43 654 2019
43 1284 2253
44 728 3460
44 845 3610
44 885 3674
45 174 984
45 1030 922
46 1207 3841
46 1290 1155
47 275 2207
47 382 2908
47 593 62
47 851 3404
48 1047 2341
48 1233 2297
49 62 3683
49 288 2895
49 336 3199
49 357 1594
49 915 2591
50 80 1986
50 255 891
50 437 2406
51 223 3511
52 260 3580
52 265 1145
52 340 3637
52 362 3237
52 888 235
53 393 2510
53 664 1576
53 674 2605
54 374 1114
54 756 1035
54 1043 2566
54 1092 787
55 719 2371
56 61 3839
56 834 980
56 1299 3525
57 246 2045
57 860 239
57 1023 3938
58 432 1800
58 1253 2579
59 1023 2587
60 1046 1834
61 45 1473
61 1030 1785
62 324 3780
62 1134 415
62 1220 3770
62 1313 670
63 1213 2821
63 1237 3280
64 76 249
64 593 317
64 1239 3268
65 126 3837
65 648 903
65 839 2129
65 899 1412
65 1250 3508
66 602 3242
67 649 2447
67 1020 2425
67 1212 381
68 107 1169
70 282 2264
70 1273 1360
71 450 693
72 1178 660
72 1223 1598
72 1242 983
73 489 2460
74 38 528
74 82 3921
74 228 293
74 938 2353
75 275 2057
75 299 72
75 440 2767
77 42 2178
77 654 1093
77 697 1939
77 824 1457
77 945 1693
78 79 2256
78 316 1076
78 871 1530
78 969 3158
78 1288 3205
78 1317 3293
79 562 3017
79 1210 2446
81 273 1739
81 634 1442
82 188 2826
83 49 3259
83 337 57
83 419 537
83 886 304
84 541 1068
85 572 2486
85 621 1286
85 660 3527
86 103 3014
86 183 1558
86 256 172
86 735 1366
86 1098 3614
87 927 595
90 832 132
91 726 1791
91 794 1688
91 1020 2423
91 1220 3599
92 1231 3732
93 127 678
93 134 674
93 286 1261
93 441 187
94 741 230
94 848 906
95 895 3204
95 994 2676
95 1195 2996
96 108 997
96 394 1853
96 783 2255
96 1112 1405
97 300 2742
97 371 2558
97 656 2472
97 1306 1227
98 900 195
99 1004 1999
99 1220 240
100 935 1752
101 76 2522
102 608 1957
103 744 1365
103 745 3116
104 281 2441
105 1218 3507
106 162 1155
107 18 863
107 221 3105
108 203 887
108 497 1540
108 553 130
108 1236 2499
109 77 1726
109 498 360
110 1063 3404
110 1100 1281
110 1112 3387
111 954 2400
112 851 2277
112 914 1591
112 1099 1006
112 1151 3681
113 128 332
113 1002 3563
113 1060 2505
114 20 1559
114 1058 3757
114 1118 855
114 1198 2150
115 728 1508
115 1306 3376
116 96 107
116 142 3224
116 1059 2843
118 731 2547
118 953 2730
119 669 3998
119 878 3409
119 1185 2186
121 83 1236
121 501 1300
121 1240 2315
122 52 86
122 148 3377
122 1034 3026
122 1249 3490
123 248 658
123 507 2764
126 56 2241
126 319 3286
126 335 355
126 1074 3246
127 490 3319
128 205 686
128 245 3160
129 327 1823
129 1001 2596
129 1154 2916
130 83 2677
130 842 746
130 985 775
130 1122 2052
131 1041 1204
133 1049 350
133 1205 894
134 976 3750
134 1293 3431
135 232 1243
135 390 3510
135 421 1616
136 41 2478
136 560 809
136 901 282
137 715 2564
137 943 537
137 1313 3660
138 48 2405
138 74 1194
138 132 2423
138 226 997
138 1313 480
139 327 2777
139 628 594
140 134 3798
140 374 3815
140 1202 3753
141 892 1972
141 1053 2762
142 1270 3020
143 290 648
143 629 3859
144 1297 146
145 784 3051
145 1121 1062
146 244 847
146 971 296
146 1049 811
148 144 277
148 200 1539
148 369 672
149 74 2244
149 114 368
149 296 1832
149 997 2877
150 1240 3283
151 44 2369
151 685 2536
152 85 2039
152 259 3562
152 1014 1311
153 86 3035
153 140 393
154 725 87
155 369 3980
155 1160 542
156 495 253
156 1147 84
157 780 2513
157 936 3015
158 1014 3103
159 486 3512
159 1155 2873
160 283 3600
160 392 2562
160 589 287
161 303 446
161 621 3210
161 1153 1449
162 130 1074
162 191 748
162 763 2121
163 66 3317
163 134 1467
163 188 3952
164 980 2546
164 989 750
166 325 2320
166 387 1081
166 1033 2788
167 915 2234
167 1150 2391
167 1292 2175
168 253 2626
168 785 2830
169 173 2154
170 509 3168
170 1141 3434
171 295 2238
172 739 2032
172 928 2800
173 935 1692
174 244 1544
175 289 2025
175 464 1292
175 857 457
176 505 2311
176 1292 2089
177 25 3666
177 227 3759
178 56 3515
178 356 765
178 728 1879
179 928 2831
180 802 2232
180 806 2183
180 1105 1728
180 1186 3333
181 233 502
182 383 2809
182 601 2120
184 369 2735
184 643 1551
184 1023 646
185 177 1713
185 425 732
185 556 2800
187 50 1232
187 537 166
187 1156 1037
187 1163 3263
187 1204 3317
188 499 3080
188 940 1158
188 958 1341
188 1223 371
190 487 1967
191 540 3651
192 597 2812
192 617 1984
192 982 3762
194 323 2326
194 664 2749
194 927 1992
195 103 1508
196 518 1332
196 993 174
198 45 3236
198 914 664
200 129 676
200 613 2396
200 673 3135
200 1148 3762
200 1246 298
201 282 3781
201 724 1474
201 984 1030
202 315 2580
202 415 2705
202 862 1547
202 916 3968
203 499 2320
204 421 863
205 48 3047
205 284 3829
205 1080 2204
206 668 3770
207 131 1795
207 754 2206
208 1084 2933
208 1100 131
209 250 1967
210 138 1610
210 470 2879
211 1185 3959
212 5 3117
212 400 562
212 514 484
212 550 2704
212 1164 1225
212 1206 1159
212 1255 1451
212 1308 711
213 81 1273
213 443 1749
213 603 843
213 618 3098
213 843 3130
214 301 3422
214 1243 2155
215 142 676
215 1014 3741
216 160 474
216 203 1890
216 1076 3140
217 97 654
218 687 445
218 1017 2909
219 97 2801
219 576 2651
219 1113 2193
220 70 2931
220 267 969
220 393 3802
220 705 2161
220 868 1279
221 1159 3270
222 22 2722
222 150 1763
222 528 1974
223 458 298
223 617 3273
223 812 3424
224 298 1008
224 569 897
224 1076 1524
224 1164 1851
225 450 3995
226 511 653
226 632 1624
226 914 2149
227 225 1680
227 462 1717
227 872 2974
228 257 3922
228 976 856
228 1282 3627
229 305 366
229 315 116
229 702 2427
230 292 3368
230 551 2308
230 1232 1709
233 232 337
233 999 2461
234 445 3869
234 649 1967
234 1100 1730
235 255 2590
235 1116 81
235 1308 3703
236 118 2887
237 40 3706
237 147 3479
237 608 247
237 1107 602
238 368 1354
239 57 2449
239 946 596
239 1258 2359
240 811 72
241 233 2744
241 244 38
241 1262 2140
242 25 1717
242 832 311
242 955 2995
242 1251 1696
243 341 677
244 1310 3462
245 1238 122
246 192 44
246 461 2121
246 1246 1831
247 1217 732
249 510 581
249 518 2051
250 208 3051
250 343 2311
250 655 641
250 679 3131
250 1038 2365
251 485 3879
251 906 2836
252 257 1843
252 891 477
252 1229 3790
253 157 3197
254 154 2925
254 269 385
254 420 1555
254 992 3349
254 1311 3481
255 93 1944
255 449 1488
255 557 1197
255 558 2255
255 1189 835
256 672 2892
256 836 3283
256 1319 296
257 1060 3366
258 414 3326
259 876 2417
259 1318 1548
260 247 410
260 1177 2997
260 1224 3598
261 124 3460
261 506 1659
261 862 590
262 750 2942
262 842 24
262 1236 469
263 456 2130
263 873 2218
263 1049 1297
263 1110 1919
264 277 1766
264 319 222
264 361 2303
264 438 3672
264 533 3922
264 733 1783
265 792 1968
265 1252 1409
265 1259 3332
266 686 222
267 337 2243
267 702 2575
268 122 3856
269 651 2891
270 359 2292
271 993 3181
271 1008 1307
272 230 3839
272 723 3942
272 745 655
273 514 3437
273 671 3753
273 802 2666
273 959 26
273 1147 2695
274 418 2689
274 1286 846
275 178 824
277 199 1258
277 225 2143
277 462 3094
277 505 3024
278 223 2716
279 694 1748
279 1036 3047
279 1115 2637
280 117 3883
280 232 1014
281 580 45
281 886 3214
281 1105 1587
282 480 2640
283 114 2140
284 992 1442
284 1167 1530
285 485 432
285 572 623
285 619 3188
285 629 270
285 714 916
285 1002 3842
286 721 58
286 797 669
286 812 2859
286 1025 84
286 1183 3715
287 228 1547
287 518 929
287 1108 890
287 1189 3157
287 1206 3423
288 101 3983
288 135 2180
289 299 2138
289 1262 1730
290 47 1226
292 21 774
292 54 1612
292 1003 2592
293 476 1171
293 1013 1177
293 1134 178
294 340 3810
294 1306 3669
295 184 1620
295 862 1339
296 4 100
296 1202 2594
297 436 878
297 1300 721
298 478 3509
298 800 719
298 1227 779
299 70 177
299 123 3578
299 516 1214
299 768 3891
299 1321 1476
300 204 2494
300 677 780
301 18 632
302 96 1917
302 485 1114
302 1042 3163
302 1179 54
303 283 3196
303 582 741
304 1206 1180
305 125 807
305 920 3332
305 1204 2350
306 939 2336
306 958 3861
307 573 2159
308 29 2004
308 43 1480
308 148 3849
308 607 2455
308 823 73
309 962 726
310 102 3175
311 793 3582
312 752 1796
312 794 305
313 1218 110
314 496 1725
315 100 1518
315 654 353
315 722 3553
315 1030 12
316 204 1484
316 624 536
316 873 1928
317 942 2950
317 965 51
317 1153 2333
318 670 2145
318 733 1143
318 988 3512
319 74 2951
319 175 826
319 415 2213
319 873 1638
319 971 686
319 1238 723
320 133 3993
320 696 2166
320 1154 923
321 243 2447
321 706 2238
321 1045 1648
322 565 1974
323 1093 2171
323 1135 3796
324 232 2278
324 1234 2633
325 690 1872
326 27 3796
327 102 3337
328 484 1776
328 708 3807
329 148 1172
329 448 2312
329 705 2086
329 1122 121
330 211 2714
330 764 418
331 401 2265
332 320 3856
332 338 282
333 141 1568
333 198 681
334 39 2846
334 416 3205
334 465 1366
334 806 3569
334 925 3198
334 1204 3531
335 1196 491
335 1208 1644
336 77 2121
336 1254 2491
337 105 3969
337 253 643
338 1038 2638
339 190 2247
339 773 3627
339 900 861
339 1106 2042
340 76 2963
340 648 2637
340 1165 2200
341 423 135
341 1143 1300
342 44 285
342 69 255
342 371 13
342 616 1054
343 712 2872
343 986 3868
344 1111 1687
347 62 439
347 800 548
347 958 885
347 1188 3643
348 10 2265
348 728 453
348 1056 3192
348 1202 1796
349 346 1295
349 500 1188
349 742 268
350 104 137
350 551 1156
350 1047 1262
351 484 2774
352 861 3402
353 735 889
353 959 3635
354 190 1795
356 345 203
356 729 2623
356 1001 346
357 645 337
357 707 3922
358 379 630
360 167 944
360 398 3934
360 494 2036
360 656 167
360 1310 153
361 1166 74
362 229 605
362 628 700
362 695 958
362 898 599
362 935 2964
362 997 1762
362 1250 143
363 547 1111
363 762 3057
363 1084 1330
364 114 1730
364 806 3193
365 221 2837
365 226 2992
365 276 2319
365 299 2239
365 330 3880
365 418 2305
365 1147 385
366 616 434
367 130 927
367 959 731
367 974 771
367 1045 1200
367 1256 1712
368 697 2066
369 301 1133
369 323 99
369 425 2584
370 398 1637
370 857 173
370 911 3188
370 1220 2336
371 952 1482
372 653 138
372 665 1651
372 736 3244
372 1061 280
373 189 3114
373 311 2300
373 819 1609
375 705 843
376 29 1844
376 180 446
376 261 186
376 812 514
376 1047 3036
376 1090 417
377 761 3170
377 1058 3772
378 38 851
378 56 448
379 678 502
380 179 1973
380 250 1647
380 1033 2214
380 1206 390
381 20 3131
381 342 2312
381 430 2973
381 929 767
381 1097 2836
382 395 2512
382 1097 3454
382 1098 318
383 836 2649
384 1051 1457
387 16 3561
387 105 2929
387 306 922
387 321 2212
387 594 889
387 596 1764
387 1042 407
387 1239 1686
388 454 2302
388 1124 1273
389 821 1073
390 104 2718
390 150 442
390 302 845
390 537 3568
390 916 890
391 484 1346
391 515 1540
391 650 2536
392 451 3911
392 1269 1929
393 719 2019
393 1101 2575
393 1208 1253
395 847 2785
395 1080 1410
396 329 3764
396 610 2591
396 722 2079
397 283 2413
397 1072 47
398 623 1639
398 894 1693
399 15 1320
399 357 202
399 837 2581
399 1288 3435
400 506 609
400 1320 619
401 34 1736
401 250 1881
401 509 1691
401 827 454
401 919 2322
401 951 2887
402 780 373
402 979 3563
402 1136 233
402 1137 1913
403 224 2451
403 824 495
403 865 193
403 981 469
403 1030 3069
404 1073 1446
405 939 3605
406 707 831
406 937 1209
408 192 2195
408 558 2909
408 1084 3973
409 1196 2593
410 129 900
410 896 1665
411 1024 3912
411 1041 1101
413 13 598
413 114 3347
413 195 1709
413 254 1568
413 805 1434
414 212 3941
414 342 3258
414 558 1887
414 696 2615
414 1101 2145
414 1190 2612
415 60 2177
415 983 2729
416 231 876
416 561 627
416 675 3575
416 736 1068
419 843 1447
419 1085 2996
419 1277 2865
420 281 1052
421 25 3826
421 497 426
422 260 3598
422 498 3086
422 886 750
422 969 2543
422 1250 3985
423 1187 2415
424 121 2806
424 490 1438
426 279 3364
426 344 2504
427 171 3498
427 182 931
427 935 3938
427 1140 3439
428 822 540
428 924 2176
429 602 2053
430 500 3036
430 1294 787
431 231 581
432 75 1764
432 211 1662
432 653 1560
432 1288 1339
433 244 3082
433 893 3006
433 1252 686
434 259 2298
434 1104 57
436 863 511
437 34 3075
437 382 7
437 846 3948
438 12 3825
438 104 2549
438 577 285
438 616 2591
439 206 1706
439 208 1722
439 795 1954
439 1147 210
440 116 1219
440 920 3236
441 996 499
442 717 1009
442 782 3775
443 509 2674
444 33 3413
444 252 2811
444 526 3813
444 1243 3994
445 354 926
445 1120 1826
446 83 1553
446 470 2616
446 559 1259
446 1052 558
447 166 3301
447 1037 3909
448 55 967
448 218 163
448 646 2983
448 848 1325
449 160 111
449 411 2807
449 717 225
449 740 395
450 86 1749
451 29 1930
451 675 2116
452 76 3702
452 234 2491
452 1112 3686
453 1131 2937
454 199 2989
454 368 695
454 807 3064
454 1158 2015
455 1112 107
456 305 2226
457 533 2179
458 95 452
458 1137 3151
458 1168 356
460 106 2004
460 383 2119
460 621 1615
461 234 2914
461 1016 1419
461 1079 1875
462 455 232
462 880 1934
462 1254 857
462 1303 1556
463 982 2044
463 1251 16
464 704 2132
465 67 2790
466 888 1764
467 150 61
467 651 1257
469 6 1818
469 459 2552
469 613 942
469 676 1106
470 303 1892
471 149 1636
471 458 169
471 523 258
471 772 2095
472 46 2746
472 1020 2436
473 83 2546
473 680 2249
473 830 2792
473 881 902
474 505 367
474 789 758
474 1106 167
475 388 2137
475 1282 2632
476 82 750
476 323 70
476 567 3840
476 886 2305
476 915 2465
476 1175 3855
477 129 788
477 461 1254
477 793 1971
477 987 848
477 1031 2510
478 399 3788
478 802 3751
479 158 3804
479 775 893
480 992 1643
481 308 1791
482 427 1414
483 353 1900
483 502 3885
483 784 159
483 863 688
484 808 2783
484 1215 2407
485 922 3831
486 199 3684
486 218 3125
486 255 588
486 280 3850
487 112 1262
488 67 3219
488 595 599
489 107 1683
489 149 3058
489 543 3255
489 958 148
490 779 3265
490 868 42
490 1212 1753
490 1261 1235
491 403 1241
492 272 615
492 831 1374
492 1234 992
493 608 770
493 667 2618
494 366 2986
494 615 2560
494 1015 31
495 632 1237
495 910 2445
496 1224 542
497 414 2276
497 678 1227
497 789 3300
497 971 2106
497 1179 1262
498 372 2777
498 427 2693
499 413 1463
499 663 390
499 693 2263
499 833 2413
500 11 2072
500 1020 1673
501 12 2019
502 191 2571
502 233 1289
502 897 2412
503 85 324
503 143 2523
503 317 3652
504 561 1290
504 824 248
504 1220 995
505 231 2059
505 256 2865
505 578 332
505 805 618
507 325 3248
507 472 1921
507 1283 3414
508 103 141
510 705 196
510 742 992
511 557 3440
511 917 2654
511 1186 2605
511 1221 2568
512 1164 1698
512 1213 67
513 290 2957
513 437 3961
513 651 2831
513 782 1029
514 157 1985
514 639 849
514 1303 3951
515 753 3273
515 971 3260
515 1146 274
516 996 2147
517 46 3264
517 126 1915
517 414 2746
517 791 610
518 30 325
518 367 1610
518 392 942
518 625 1295
518 1091 857
519 687 3214
519 711 708
519 1042 997
519 1212 3409
520 348 2052
520 1066 789
520 1092 2414
522 548 656
522 1199 3356
523 491 112
523 1078 1075
524 645 2665
526 183 424
526 220 3905
527 210 3693
527 826 2408
527 1273 754
527 1304 3643
529 203 2032
529 729 365
529 1284 269
530 942 530
531 9 3628
531 781 2535
531 843 3275
532 805 238
532 1076 2860
533 6 884
533 46 1531
533 152 154
534 634 2093
534 1060 744
535 233 1213
535 1110 3089
535 1142 504
536 274 3616
536 448 229
537 508 2918
537 1028 624
539 37 3937
539 245 3029
539 964 1698
539 1142 2601
540 264 3452
540 688 1954
540 1129 2293
541 1094 2211
541 1260 3059
542 531 2287
543 34 594
543 571 3424
543 984 2907
543 1149 1123
544 186 3403
544 243 1442
544 722 749
544 836 3992
545 211 653
545 226 1984
545 703 1874
545 850 806
545 1035 76
545 1234 2617
546 112 2370
546 196 3517
546 598 3473
547 88 1986
547 938 97
547 1113 2742
547 1121 2609
547 1210 33
547 1216 1770
548 67 658
548 625 2633
548 1078 1573
549 417 2611
549 678 1277
549 1218 135
550 87 1670
550 181 3916
550 402 728
551 994 1445
551 1102 2822
552 125 2202
553 8 1199
554 271 615
555 31 2950
557 400 1191
557 924 1267
559 250 1285
559 808 3064
560 561 2424
560 1137 1361
560 1205 2033
561 445 794
561 1126 1229
562 144 1857
562 344 3131
562 503 1325
562 538 598
563 187 2091
563 960 1710
563 1083 2719
564 123 2748
564 194 342
564 439 643
564 1144 1710
564 1299 1971
565 145 777
565 234 3731
565 453 1886
565 1013 1856
566 588 1527
567 655 1059
568 382 57
568 698 2726
568 807 1674
568 1116 3358
569 930 268
569 999 3292
570 19 994
570 26 3331
570 954 1716
570 1245 2706
571 139 1715
571 577 2861
572 67 3934
572 420 3571
572 909 2343
572 1266 1611
573 296 168
573 1171 433
574 155 3320
574 808 3238
574 842 3532
574 1046 13
575 61 3880
575 263 1241
575 542 1983
575 1196 656
576 277 1324
576 306 3868
576 1124 2511
577 389 2850
577 661 1279
577 940 2919
579 769 1575
580 600 2952
581 708 2628
581 734 1842
581 1008 2243
582 38 3622
582 599 1525
582 1014 310
583 1183 2327
584 41 3239
584 443 3522
584 552 2613
585 657 3162
585 693 1864
585 1035 223
585 1084 3681
586 528 2648
586 803 3894
586 1112 2919
587 26 2179
587 56 3906
587 600 2798
587 626 3772
587 680 1889
588 821 3454
589 138 1095
589 230 2108
589 269 2316
589 957 3944
590 740 3386
590 763 1587
590 905 1871
592 379 2689
592 633 214
592 692 3712
592 880 932
592 1030 187
592 1281 1236
593 64 1593
593 205 2514
593 1062 827
594 259 1115
594 1239 1478
595 485 3988
595 1211 3330
596 712 1700
596 1123 3668
596 1159 1978
597 1175 1593
598 214 2938
598 223 156
598 558 1498
598 725 1736
599 268 3927
600 1201 3738
601 146 1541
601 273 1373
601 465 1846
601 990 3856
601 1304 1317
602 998 1583
602 1294 1794
603 333 3187
603 634 272
603 1295 2360
604 661 3250
604 770 1203
605 241 2546
605 247 838
606 339 3147
606 525 1411
607 218 1664
607 589 261
608 187 2888
608 1012 2003
608 1049 3591
609 576 939
610 97 2022
611 482 1920
611 759 2531
611 1152 960
612 493 2075
612 586 381
612 1151 3047
613 125 2354
613 1009 118
615 236 587
615 549 78
615 917 2315
615 1148 794
616 788 1746
616 816 3898
616 1062 2588
617 391 1284
617 417 169
617 1233 947
618 162 534
618 463 1723
618 571 3844
618 841 1371
619 173 869
619 591 1255
619 945 3386
619 1121 1482
620 545 494
620 1157 1740
621 695 1424
621 1264 1433
622 43 3761
622 505 3343
622 639 315
623 620 1072
623 766 1769
624 366 695
624 737 118
624 1064 122
624 1087 1165
625 508 704
625 545 200
626 895 3479
627 704 1850
627 789 2297
627 846 3728
628 145 437
628 308 3581
628 387 3896
629 1101 1735
630 391 114
630 789 1970
630 822 1578
630 917 1836
630 962 2839
631 323 3184
631 899 1221
631 910 672
632 45 3678
632 1084 2960
633 877 2095
634 229 1462
634 458 3072
635 759 1437
636 279 1776
636 918 496
636 1303 3205
637 1032 2471
637 1065 613
638 328 3679
638 1000 3987
639 211 1669
639 284 230
639 742 3817
639 903 3518
640 349 2526
641 134 3545
641 1250 306
642 174 2106
642 667 3792
642 688 2392
642 835 2571
643 1257 1762
644 490 321
644 556 406
644 771 952
645 81 3505
645 101 1978
645 166 1623
645 1248 3534
646 148 1289
646 1241 3717
647 26 995
647 136 361
648 534 1505
648 718 3122
648 726 856
649 791 1061
651 768 1592
651 935 1820
652 931 739
653 84 1930
653 114 3840
653 219 1320
654 100 1747
654 459 3709
654 648 198
654 685 1291
654 989 14
654 1146 2303
655 206 1082
655 359 2757
655 553 1226
655 710 2843
655 1125 3078
655 1259 1631
656 207 3794
657 111 2934
657 360 3961
658 532 1768
658 701 2819
658 864 1249
658 938 1836
660 475 3813
660 478 1609
660 1278 3340
661 1247 3286
662 1034 2816
662 1314 401
665 256 878
665 518 636
666 974 1491
667 1222 2807
669 799 475
669 1238 2811
670 379 905
670 524 184
672 252 3360
672 523 2195
672 538 549
672 722 2014
673 478 3629
673 908 3658
673 1300 3239
674 374 2471
674 808 2735
675 303 1222
677 759 2617
678 1318 1668
679 182 1182
679 1019 736
679 1128 486
679 1177 2430
680 516 2572
680 581 650
680 1204 391
681 238 1911
681 427 3935
681 507 3206
681 754 2663
682 24 1164
683 556 193
684 910 154
685 129 323
686 300 1020
686 969 3316
686 1109 1227
686 1164 1203
687 42 2675
687 242 3774
687 814 2103
688 609 688
689 961 3402
689 1232 1760
690 387 279
690 677 2224
691 213 846
692 21 1500
692 347 1192
692 450 2865
694 373 2681
696 354 1928
696 946 3702
697 133 1462
697 180 499
697 655 703
697 672 1852
698 121 2409
698 186 990
698 856 1410
700 484 1424
700 1027 2153
700 1049 1602
701 512 1577
701 543 2827
701 836 2621
703 166 1244
703 781 406
705 190 175
705 286 270
705 408 179
705 411 2278
705 713 1309
705 890 3932
706 238 389
707 246 1587
707 368 2155
707 778 1587
708 520 3438
708 1033 3347
708 1151 451
709 1044 2118
710 230 1274
710 232 153
711 1185 3932
713 247 2124
713 799 855
714 24 1783
714 270 532
714 467 1844
714 1315 3544
715 300 2307
715 358 349
716 341 1146
716 703 3883
716 1179 3175
717 81 3766
717 319 1478
717 921 3932
717 1285 293
718 566 2099
719 299 462
719 666 2922
720 745 3408
721 95 393
721 401 3310
721 876 1346
721 951 2900
721 1047 896
722 63 784
723 282 2598
723 529 1699
723 648 3253
723 1004 223
723 1056 1851
724 80 3184
724 481 2346
724 780 3057
725 8 1319
725 228 3229
725 1102 901
725 1231 862
725 1294 1536
726 311 1249
726 1102 2007
727 278 1770
727 974 775
728 576 2125
728 581 3248
729 658 1059
729 969 2417
730 122 1346
730 563 1520
730 717 1690
730 1180 1105
730 1293 2265
731 848 999
731 1133 2451
732 195 1516
732 291 2247
732 298 3234
735 402 113
736 323 3945
737 866 2486
738 431 335
739 454 2147
739 1003 1670
742 61 2680
742 674 1203
742 1222 3340
742 1238 1908
743 183 2455
743 349 201
743 499 3443
744 1093 3703
745 299 2560
745 308 1565
745 720 830
746 549 1036
746 936 1164
747 2 2240
747 465 3452
748 498 2509
748 618 111
748 964 1493
749 1093 3966
751 206 2375
751 605 2491
751 976 2416
751 1121 242
752 340 1089
752 469 2001
752 595 354
753 1135 1385
754 374 486
754 1073 1040
755 31 3883
755 390 2507
755 890 3719
759 9 1086
759 38 1846
759 713 1979
759 716 3540
759 839 2399
760 756 1773
761 905 3595
761 950 958
762 817 3337
763 989 776
763 1156 1993
764 279 500
764 441 3015
765 195 1796
766 474 3361
766 569 3125
767 782 3288
767 1007 3326
767 1067 1852
767 1095 2130
767 1166 2093
768 1298 2093
769 703 3571
770 420 93
770 477 2799
771 63 1307
771 1185 930
772 853 3838
772 1142 1190
772 1172 3789
772 1178 3557
773 512 2275
774 935 1986
774 1103 1887
775 424 2166
775 489 384
775 1306 3659
776 480 1760
777 49 1693
778 1136 3348
779 364 2887
780 270 37
780 847 199
780 1029 1901
780 1235 2184
781 747 3559
782 504 1026
783 192 1823
783 484 3236
783 970 3229
783 1250 305
783 1262 1680
784 487 1321
784 867 3875
785 410 2124
785 668 471
786 106 1533
786 692 3054
786 998 309
787 187 2722
787 443 3194
787 794 217
787 1184 1348
787 1218 1179
788 29 2103
788 323 3514
788 456 1563
789 972 2113
791 25 1625
792 177 3607
792 182 1812
794 627 512
794 1184 3644
795 386 2011
795 815 2764
795 962 2179
795 975 1921
795 1083 141
796 444 2
797 376 1509
797 713 3369
797 717 658
798 497 3188
798 649 1042
798 728 884
799 453 1664
799 1136 1512
800 1003 2416
801 552 717
801 708 2172
801 903 1138
802 590 262
802 1173 2388
803 295 2837
803 420 1440
803 663 842
804 387 2702
804 457 3354
805 38 3307
805 964 327
805 1159 2961
805 1186 1118
806 545 1190
806 549 2956
807 968 3480
808 134 3953
808 154 1486
809 323 1753
809 682 94
809 1071 1487
810 180 3261
810 597 3814
810 716 2496
810 730 2800
811 291 1207
811 438 3379
811 905 463
812 124 2719
812 289 1795
812 744 1531
812 918 1242
812 974 3284
813 153 1792
813 531 3630
813 1025 2120
814 576 3584
815 118 823
815 833 822
815 895 2937
815 1138 129
816 1294 1500
817 687 1897
818 98 1599
819 1218 2689
820 1196 1204
822 87 1430
822 282 2993
822 415 2690
823 685 3182
823 945 3438
823 1130 528
824 527 2794
825 547 3252
825 836 3024
825 867 1594
826 862 810
826 1299 2402
827 773 2408
827 1089 3880
827 1109 548
827 1203 291
828 474 1122
830 1261 3831
832 1176 2434
832 1225 751
834 78 1951
834 1106 2017
835 752 1925
835 903 3124
836 423 954
837 974 2054
838 845 623
839 100 3202
839 405 4
839 571 3663
839 859 758
840 75 1433
840 812 2655
840 1143 3447
841 127 615
841 447 2445
841 599 326
841 761 3408
842 161 2048
842 273 3349
842 1317 1353
843 183 2857
843 426 2103
843 538 113
843 898 2737
843 1227 2650
844 251 403
844 659 3858
845 274 2481
845 275 2836
845 301 960
845 405 783
845 679 1205
845 717 2884
845 912 3906
846 211 2158
846 639 1289
847 380 880
847 690 1711
848 136 1292
848 663 542
849 443 2468
849 569 2725
849 890 3548
853 145 2266
853 752 3691
853 1275 1992
854 278 2592
855 210 3098
855 230 39
855 413 1940
856 1186 803
857 42 3248
858 1024 394
859 499 915
860 1079 1984
861 123 3044
861 385 1317
862 432 2193
862 787 1524
862 1310 504
863 112 3504
863 131 2306
865 522 1708
866 204 2387
866 1202 2563
868 832 3865
868 988 28
868 1087 3442
869 369 1928
869 419 1319
870 831 335
871 815 395
872 386 395
872 444 3882
872 910 2661
873 738 85
873 745 2226
874 1180 1604
875 309 3535
877 15 2616
877 736 3895
877 755 337
877 1049 1863
877 1184 289
878 867 1251
879 358 198
879 558 3332
880 1243 2567
881 490 2390
881 736 1207
881 766 3070
881 1177 1893
882 455 3864
883 680 1130
884 635 632
885 46 2426
885 564 1346
885 784 659
886 28 2219
886 145 3273
886 273 2329
887 899 2553
888 799 20
888 996 2724
889 262 2786
889 650 3032
889 675 3160
890 282 1011
891 711 635
892 268 2694
892 1232 3627
893 900 529
893 1033 3030
894 434 1489
895 277 817
895 601 280
895 1198 1687
895 1250 148
896 279 3198
897 595 428
898 424 1706
900 800 2620
901 561 2321
902 242 1569
903 42 3749
903 102 3304
903 392 346
903 547 1094
903 1077 3962
904 393 2564
904 502 367
904 1016 2642
905 107 1468
905 854 738
905 1152 1365
906 219 254
906 296 3769
906 594 525
906 857 1264
906 881 403
907 228 3570
907 791 890
908 444 931
908 1080 2600
908 1082 2731
909 30 2100
909 262 2879
909 314 769
909 341 2599
909 1312 2429
910 258 1196
910 1158 305
911 264 1048
911 278 3868
911 334 1873
911 382 796
911 647 3171
911 666 2219
911 1289 2241
912 308 3484
912 507 782
914 363 2959
914 829 2126
914 1177 2250
915 640 3696
915 863 3842
916 156 2855
916 270 3464
916 365 718
916 1258 118
918 61 218
918 247 288
918 275 1360
919 59 1149
919 268 3239
919 587 442
921 815 3248
923 708 2469
923 1315 1210
924 755 1846
924 814 897
926 243 2757
926 688 2502
927 159 1944
927 1154 2625
928 556 375
928 1064 3091
929 120 2147
929 1056 2593
930 311 1332
931 704 1983
931 1116 3726
932 666 642
932 1085 108
933 314 2327
933 785 338
933 967 301
934 347 1533
934 580 153
935 728 1371
935 733 1651
935 1216 371
936 388 2010
937 36 3362
938 1179 1871
939 505 1248
939 790 3803
940 241 1470
941 189 3716
941 213 1364
941 272 3667
941 555 613
941 942 120
942 82 2169
943 7 2908
943 239 2744
943 278 2543
943 419 1999
943 573 1243
943 856 1487
945 742 3682
945 1133 3225
946 444 1564
946 1070 323
947 27 3684
947 294 243
947 396 1012
947 415 3984
947 813 1775
947 873 1165
948 320 1706
948 1157 3425
948 1297 1535
949 402 3715
949 600 3138
949 751 3757
950 114 1314
950 515 3292
951 1257 1226
952 375 1030
952 1235 655
953 1280 892
954 46 1994
954 228 775
955 364 3060
955 944 901
957 815 3870
957 819 1602
957 917 3251
957 1034 1112
958 1110 3440
959 152 3284
959 400 336
959 1310 1004
960 1160 3607
961 67 19
961 240 1246
961 576 970
961 634 355
962 391 3372
962 773 2134
963 175 2412
964 405 3149
965 1272 20
966 293 2127
966 1283 2286
967 146 3776
967 295 3792
968 138 1578
968 338 1353
968 454 821
970 754 2584
971 710 2245
972 394 3166
972 711 3710
972 838 1304
973 669 419
974 783 3580
974 1177 3258
975 1186 21
976 520 1043
976 694 2697
976 1012 3305
977 894 1731
977 1029 52
978 141 3263
978 491 2101
980 344 1649
980 1144 232
981 417 2807
982 663 1021
984 141 2718
985 83 1219
985 297 169
985 756 3089
985 952 3697
986 518 2454
987 229 3217
987 284 3488
988 1304 383
989 110 569
989 231 661
990 359 3319
990 522 2813
990 1094 3826
991 1 3028
991 684 117
992 241 596
992 883 2959
993 150 3726
993 655 617
994 80 354
995 279 2422
995 683 273
996 889 2084
996 906 2826
996 1080 3535
996 1131 184
997 883 474
997 1297 118
998 25 3343
998 118 1846
998 550 2835
998 950 561
999 192 2014
999 220 1924
999 1234 257
1001 77 820
1003 112 1140
1003 143 3744
1003 467 1554
1004 70 1708
1004 197 756
1004 204 872
1005 321 873
1005 708 934
1005 919 3900
1006 285 1341
1006 412 1529
1006 573 3210
1006 1100 1066
1007 1113 2497
1007 1269 3563
1009 60 3839
1009 627 2769
1010 647 1646
1010 911 2664
1010 1025 2303
1010 1141 2182
1011 444 3490
1011 448 2421
1012 106 1524
1013 758 1335
1013 912 1607
1013 1113 2436
1014 836 3701
1015 878 3530
1016 924 2692
1017 696 520
1017 976 1021
1018 356 2787
1018 1208 2425
1019 1085 3081
1019 1261 3543
1019 1281 3297
1020 711 3953
1020 935 476
1020 1229 3548
1020 1306 1293
1021 266 2356
1021 786 2757
1021 1238 2358
1022 237 853
1022 615 2320
1023 337 2548
1023 863 3621
1024 907 317
1024 969 1212
1024 1167 2276
1024 1310 2850
1025 586 1053
1025 928 696
1025 934 725
1025 1165 2387
1026 512 2654
1026 530 3160
1027 551 2087
1027 632 2184
1027 939 1851
1028 228 2958
1028 1084 3556
1028 1207 990
1030 278 1735
1030 453 2636
1030 906 884
1030 911 1383
1030 1110 2940
1030 1295 1711
1031 1183 930
1031 1185 232
1032 363 66
1032 1193 38
1032 1247 2941
1033 28 1270
1033 42 2709
1033 85 1489
1033 430 891
1034 1258 3378
1035 202 3052
1035 1065 3166
1036 397 2227
1036 796 104
1038 215 213
1038 1317 2952
1039 174 2490
1039 223 2866
1040 516 2111
1041 521 929
1041 1194 1401
1042 179 314
1042 432 238
1042 823 957
1042 1090 1303
1043 440 1972
1043 1169 3944
1044 272 2538
1044 464 3354
1045 456 2884
1045 471 248
1045 549 635
1045 733 3115
1045 873 313
1047 340 673
1048 406 2408
1048 785 1583
1048 1116 3733
1049 486 3896
1049 573 2825
1051 243 3110
1051 367 2947
1051 596 2342
1051 802 1337
1051 988 3050
1052 97 2906
1052 151 288
1052 168 1891
1052 715 1771
1052 980 2750
1052 1164 3171
1053 487 3524
1054 84 3063
1054 529 3409
1055 754 832
1056 220 717
1056 1239 1732
1057 110 775
1057 176 3254
1057 1035 1086
1058 109 10
1058 433 3853
1058 628 2072
1058 1120 3125
1059 616 518
1060 885 3096
1061 62 1884
1061 926 2452
1062 379 2829
1062 621 2131
1062 787 1276
1063 78 1938
1064 388 1077
1064 1276 3969
1065 128 3626
1065 325 478
1065 672 2874
1065 676 265
1066 677 2720
1066 1027 996
1068 796 3015
1068 876 1891
1069 439 519
1069 767 2429
1069 1053 1299
1070 650 1350
1070 924 3498
1071 336 3382
1071 1086 2477
1072 189 3103
1072 400 819
1073 111 2486
1073 493 2956
1073 664 2891
1074 296 1962
1074 868 3473
1075 724 1986
1076 47 3845
1076 341 1924
1076 529 1166
1076 629 1975
1076 895 3551
1077 810 3104
1077 880 3403
1077 1189 3519
1078 626 3081
1079 50 232
1079 137 2392
1079 377 3346
1079 1071 2952
1080 1066 3739
1081 605 2712
1081 639 1194
1081 878 258
1082 400 1492
1082 430 2844
1082 1272 1959
1083 328 989
1083 1044 2225
1083 1303 435
1084 288 92
1084 638 3044
1085 119 2921
1086 75 3399
1086 201 1934
1086 263 1234
1086 1115 2871
1087 1079 271
1088 164 1431
1088 719 1146
1088 1255 1437
1089 1044 3405
1089 1257 696
1090 564 892
1090 1182 3160
1091 476 566
1091 861 3972
1091 918 3743
1093 253 3309
1093 332 3669
1093 1175 3046
1093 1321 3047
1094 826 2732
1094 1147 239
1095 18 3304
1095 234 224
1095 821 3082
1095 1147 1615
1097 1058 1564
1097 1073 1307
1097 1202 2049
1097 1260 2007
1098 1231 350
1099 975 1321
1100 618 1405
1101 846 2635
1101 928 2907
1103 785 275
1104 229 2905
1105 974 337
1106 289 1420
1106 441 693
1106 1012 93
1106 1030 2467
1107 530 1584
1107 1205 3252
1108 64 3032
1108 230 1908
1109 486 3347
1109 823 2692
1110 96 1928
1110 1158 2392
1111 215 1739
1111 862 660
1112 160 2631
1113 948 1394
1114 752 1235
1114 920 1712
1115 32 3008
1115 65 2798
1115 521 3370
1115 573 1409
1115 1192 805
1116 716 3719
1116 881 3081
1117 253 2209
1117 263 2705
1119 1040 1987
1120 74 2836
1120 689 1610
1120 836 2323
1120 1052 607
1122 159 2654
1122 209 2416
1122 500 3074
1123 829 238
1123 1224 2019
1123 1240 2457
1124 704 2497
1124 740 1365
1124 844 1149
1124 992 424
1125 844 3757
1126 144 3239
1126 716 1435
1126 947 2387
1128 767 984
1128 1056 2669
1128 1270 450
1129 579 344
1129 667 1819
1129 770 3820
1129 802 1752
1130 355 2975
1130 551 3890
1130 654 1184
1131 360 1535
1133 124 2595
1133 537 3171
1133 601 370
1133 694 556
1133 1191 1845
1134 568 977
1134 895 3209
1134 1235 612
1135 1122 402
1137 228 3798
1138 1273 2631
1140 33 2858
1140 254 2646
1141 599 347
1141 1039 358
1142 1170 3070
1143 336 455
1143 588 3948
1143 1047 856
1143 1062 3193
1144 1306 932
1145 103 3877
1147 184 3643
1147 265 1275
1147 447 1695
1147 1097 3814
1149 80 3378
1149 102 669
1149 508 3703
1149 1186 561
1150 1128 2203
1151 236 2649
1151 692 83
1151 725 2925
1152 477 3556
1153 402 2280
1155 379 3901
1155 512 2765
1155 621 3243
1156 49 302
1156 327 2914
1157 370 2225
1157 1142 3511
1158 1171 1560
1159 231 2572
1159 506 221
1159 590 981
1160 504 3026
1160 523 168
1161 799 2188
1161 1220 2219
1162 405 1451
1162 1052 2064
1163 69 2213
1163 434 3077
1163 606 3758
1164 372 2026
1164 594 2454
1164 673 778
1164 802 2080
1164 963 3367
1165 136 3333
1165 285 729
1165 296 3801
1165 304 2257
1165 456 636
1166 1099 2432
1167 67 2509
1167 939 3400
1169 564 1675
1169 922 3162
1170 76 2666
1170 967 3899
1170 1246 3024
1170 1268 577
1171 40 2822
1172 506 3244
1173 162 1909
1173 289 1848
1173 304 3764
1173 537 96
1173 1163 418
1174 350 1214
1174 668 2160
1174 900 2982
1175 975 291
1175 1073 2269
1176 144 1359
1176 407 3096
1176 1229 3399
1179 439 3438
1179 684 2814
1180 121 2731
1180 805 518
1181 341 2615
1181 728 1339
1182 453 1154
1182 855 1046
1183 1062 199
1184 206 905
1184 694 3072
1185 257 3712
1185 472 3922
1185 1259 2971
1186 1012 2735
1187 88 850
1187 858 1792
1187 1181 2331
1188 232 2758
1188 772 3991
1188 908 2094
1188 1194 3206
1189 965 760
1190 803 3659
1190 1093 1717
1191 119 3741
1193 490 301
1193 887 3985
1193 1046 1451
1193 1094 3397
1195 175 3735
1195 346 889
1195 924 2562
1195 1028 2817
1196 257 1758
1196 734 1176
1196 1054 507
1197 293 3263
1197 1004 2574
1198 444 705
1198 488 520
1198 656 1645
1198 759 416
1198 1277 441
1199 461 967
1200 981 3503
1202 308 1291
1202 430 3111
1202 531 2185
1203 152 400
1203 731 3101
1204 1288 278
1205 853 3605
1205 1255 213
1207 490 288
1207 1279 1321
1208 201 305
1208 220 941
1208 1089 1658
1210 678 1756
1210 861 689
1210 1270 1392
1211 177 2996
1211 1024 3250
1212 510 209
1212 740 753
1212 991 426
1213 353 715
1213 501 368
1214 229 3351
1215 507 1772
1215 875 887
1215 893 1347
1215 1080 2539
1216 1224 1327
1217 151 2314
1217 463 2041
1219 321 2969
1219 514 1776
1219 631 225
1219 1309 3369
1220 737 1228
1220 1182 854
1221 384 2973
1222 47 1440
1223 1031 1494
1223 1279 294
1224 110 1745
1225 427 2434
1225 921 1951
1225 1282 3852
1226 268 3122
1226 507 3694
1227 47 2847
1227 636 2723
1227 861 3902
1227 883 3951
1228 658 3148
1229 1078 969
1230 20 318
1230 202 2850
1230 326 2740
1230 363 1204
1230 435 197
1230 1003 1630
1230 1208 2883
1231 671 2862
1231 905 23
1231 1006 1851
1231 1021 637
1231 1231 599
1231 1272 1219
1232 10 2216
1232 592 1805
1232 692 192
1233 877 3656
1233 899 3298
1233 1087 837
1234 218 1752
1234 634 2083
1234 661 3139
1234 1084 1603
1236 61 1556
1236 335 2832
1236 541 801
1236 1125 278
1238 267 3086
1238 345 751
1238 936 3778
1239 632 54
1240 134 1069
1241 855 2627
1242 724 3145
1242 1102 2272
1243 1111 3175
1244 87 774
1244 491 1154
1244 1224 2388
1245 361 1148
1245 1063 3005
1245 1269 3376
1246 15 1747
1246 100 575
1246 1214 1592
1247 1132 3551
1249 837 766
1250 102 1599
1250 442 3200
1250 802 1954
1251 65 3350
1251 1182 1634
1252 90 1092
1253 840 1304
1253 1054 3189
1253 1242 3924
1254 343 2104
1255 227 3818
1255 568 3009
1255 859 2854
1255 888 3947
1255 1041 3414
1256 190 3922
1256 246 2926
1256 301 2910
1256 581 2546
1256 800 2100
1257 312 3683
1257 476 51
1258 68 840
1259 837 1183
1259 1018 3055
1261 423 215
1262 681 2929
1263 314 3982
1263 686 1806
1263 712 2831
1263 851 747
1263 1012 3404
1263 1103 2382
1263 1127 3053
1264 248 3105
1264 311 15
1264 1103 144
1264 1190 408
1265 702 3555
1265 1191 419
1266 347 2863
1266 548 3724
1266 911 3779
1266 997 1717
1267 188 3671
1269 133 3192
1269 430 1990
1270 1232 2596
1271 779 2101
1271 1128 887
1271 1225 1047
1272 717 2136
1272 850 938
1273 932 1886
1273 1278 3670
1274 488 344
1274 802 2101
1274 939 2950
1275 490 325
1277 337 258
1277 390 1780
1277 408 1424
1277 776 14
1277 956 513
1277 1146 476
1277 1185 3118
1278 42 527
1278 341 971
1278 973 3878
1279 736 433
1280 683 1390
1280 766 2740
1280 769 156
1280 776 1520
1281 534 808
1281 686 3826
1281 1087 1064
1282 243 3150
1282 268 2773
1282 335 3516
1282 356 36
1282 713 3820
1283 207 2003
1283 654 973
1284 110 1705
1284 357 1672
1284 548 1669
1284 715 157
1285 1001 621
1286 730 1993
1287 545 767
1287 780 2752
1287 1048 3416
1287 1154 780
1288 477 3264
1288 768 3891
1288 775 3897
1289 713 142
1289 1152 862
1290 325 126
1290 336 574
1290 640 2603
1290 1034 2866
1291 184 1082
1291 1129 474
1291 1164 25
1291 1321 1259
1292 914 1537
1293 1109 3174
1294 240 32
1294 887 1053
1294 1259 3562
1295 18 3851
1295 162 3055
1295 189 886
1295 192 1907
1295 306 1079
1295 716 2554
1295 1121 2416
1295 1176 1699
1295 1279 547
1296 708 3182
1296 1272 451
1297 724 314
1297 849 3961
1297 1072 66
1298 107 205
1298 134 209
1298 785 208
1299 351 1418
1300 270 335
1300 629 781
1300 948 372
1301 258 3552
1302 247 1862
1302 1217 845
1303 478 3576
1303 600 3121
1304 424 2382
1304 740 3102
1305 732 3504
1305 1070 3786
1305 1150 3015
1306 554 3706
1307 185 2840
1307 880 3900
1307 982 1964
1307 1021 3918
1308 80 2806
1308 786 379
1309 710 1969
1309 1242 3704
1310 727 3912
1310 1023 2771
1311 30 17
1311 158 224
1311 856 2836
1311 981 221
1311 1051 433
1312 215 3043
1312 269 1990
1312 554 1119
1312 960 176
1312 1028 2713
1313 1152 1022
1314 277 2389
1314 386 3558
1314 431 949
1314 449 1509
1315 327 2291
1315 837 50
1315 1037 1364
1315 1268 2076
1316 122 3416
1316 493 1069
1317 1035 1267
1318 184 3316
1318 290 3033
1318 298 1537
1318 1029 2473
1318 1099 3763
1319 48 3505
1319 513 2176
1319 630 3675
1319 827 2275
1320 61 2192
1320 139 3898
1320 567 1462
1320 779 2765
1320 1036 682
1321 21 505
1321 741 1106
1321 918 2152
1321 1124 1032
1322 284 3819
1322 1289 3173
